((("next" .
   [1 0 0 0])
  ("params" .
   [1 0 0 0 0 0])
  ("req" .
   [1 0 0])
  ("esac" .
   [1 0 0 0])
  ("case" .
   [1 0 0 0])
  ("CONTINUE" .
   [1 0 0 0 0 1 0 0])
  ("exit" .
   [4 0 0 0])
  ("FILE" .
   [2 0 0 0])
  ("cat" .
   [1 0 0])
  ("BUILD_HOSTS" .
   [1 0 0 0 0 0 0 0 0 0 0])
  ("done" .
   [0 0 0 1])
  ("do" .
   [1 0])
  ("build_files" .
   [1 0 0 0 0 0 0 0 0 0 0])
  ("in" .
   [3 0])
  ("build" .
   [3 0 0 0 0])
  ("for" .
   [1 0 0])
  ("ADOBO_DIR" .
   [1 0 0 0 0 0 0 0 0])
  ("-u" .
   [1 0])
  ("origin" .
   [1 0 0 0 0 0])
  ("push" .
   [2 0 0 0])
  ("RELEASE_NAME" .
   [0 0 0 0 0 0 0 1 0 0 0 0])
  ("checkout" .
   [2 0 0 0 0 0 0 0])
  ("else" .
   [1 0 0 0])
  ("STABLE_DELETE" .
   [1 0 0 0 0 0 3 0 0 0 0 0 0])
  ("s" .
   [1])
  ("read" .
   [2 0 0 0])
  ("stable" .
   [2 0 0 0 0 0])
  ("branch" .
   [2 0 0 0 0 0])
  ("REPO" .
   [2 0 0 0])
  ("-z" .
   [2 0])
  ("echo" .
   [8 0 0 0])
  ("fi" .
   [4 0])
  ("then" .
   [4 0 0 0])
  ("SIGNAL_SITE_ID" .
   [1 0 0 0 0 0 0 0 0 0 0 0 0 0])
  ("$payload" .
   [1 0 0 0 0 0 0 0])
  ("var_dump" .
   [1 0 0 0 0 0 0 0])
  ("serialize" .
   [1 0 0 0 0 0 0 0 0])
  ("$time_limit" .
   [1 0 0 0 0 0 0 0 0 0 0])
  ("$event_id" .
   [1 0 0 0 0 0 0 0 0])
  ("create" .
   [1 0 0 0 0 0])
  ("Create" .
   [1 0 0 0 0 0])
  ("true" .
   [1 0 0 0])
  ("$data" .
   [4 0 0 0 0])
  ("die" .
   [4 0 0])
  ("$this" .
   [3 0 0 0 0])
  ("json_decode" .
   [2 0 0 0 0 0 0 0 0 0 0])
  ("page" .
   [2 0 0 0])
  ("$res" .
   [1 0 0 0])
  ("parent" .
   [1 0 0 0 0 0])
  ("$params" .
   [8 0 0 0 0 0 0])
  ("post" .
   [2 0 0 0])
  ("function" .
   [1 0 0 0 0 0 0 0])
  ("is_array" .
   [1 0 0 0 0 0 0 0])
  ("$info" .
   [2 0 0 0 0])
  ("if" .
   [7 0])
  ("$schema_files" .
   [0 0 0 0 1 0 0 0 0 0 0 0 0])
  ("print_r" .
   [2 0 0 0 0 0 0])
  ("$site" .
   [2 0 0 0 0])
  ("color-theme-charcoal-black" .
   [0 0 0 0 0 0 0 0 0 0 0 0 0 0 0 0 1 0 0 0 0 0 0 0 0 0])
  ("myDecorator" .
   [0 0 0 0 1 0 1 0 0 0 0])
  ("func1" .
   [0 0 0 0 1])
  ("print" .
   [1 0 0 0 0])
  ("class" .
   [1 0 0 0 0])
  ("self" .
   [15 0 0 0])
  ("ox" .
   [1 0])
  ("__get_openx_object" .
   [0 0 0 0 0 0 0 0 0 0 1 0 0 0 0 0 0 0])
  ("def" .
   [1 0 0])))
